95 0.163594 0.472233 0.009468 0.009981
75 0.162706 0.481050 0.008923 0.007897
16 0.314043 0.504739 0.011039 0.011039
96 0.380317 0.478559 0.007910 0.009961
19 0.380448 0.488946 0.008416 0.008930
97 0.439154 0.486818 0.006320 0.007346
140 0.359393 0.511792 0.006320 0.007346
140 0.358764 0.520613 0.005270 0.006295
96 0.189190 0.460088 0.005263 0.005776
96 0.210987 0.461138 0.005257 0.005257
2 0.779024 0.570488 0.016431 0.027199
96 0.818009 0.567337 0.016405 0.025122
19 0.851267 0.565413 0.011168 0.021423
