95 0.851624 0.462866 0.009016 0.009471
75 0.852719 0.470948 0.008450 0.007539
16 0.714268 0.497507 0.010493 0.010493
96 0.652484 0.475516 0.007584 0.009404
19 0.652692 0.485075 0.008016 0.008472
97 0.598628 0.484968 0.006040 0.006951
140 0.672778 0.505424 0.006040 0.006951
140 0.673635 0.513517 0.005041 0.005951
96 0.827698 0.452502 0.005019 0.005474
96 0.807683 0.454155 0.004997 0.004997
2 0.288658 0.572641 0.015958 0.025514
96 0.252700 0.570971 0.015868 0.023605
19 0.222049 0.570250 0.010939 0.020040
