95 0.837380 0.466097 0.009216 0.009675
75 0.837672 0.474375 0.008629 0.007710
16 0.695060 0.487259 0.010722 0.010722
96 0.634833 0.458802 0.007761 0.009598
19 0.634078 0.468485 0.008194 0.008654
97 0.579446 0.462926 0.006178 0.007097
140 0.652328 0.491078 0.006178 0.007097
140 0.652378 0.499344 0.005157 0.006075
96 0.814243 0.453208 0.005132 0.005591
96 0.793846 0.452862 0.005106 0.005106
2 0.257317 0.520283 0.016366 0.026014
96 0.221143 0.514971 0.016264 0.024074
19 0.190237 0.511152 0.011234 0.020423
