108 0.839883 0.460185 0.008679 0.009161
83 0.840604 0.468381 0.008197 0.007233
18 0.699824 0.488609 0.010126 0.010126
109 0.638599 0.463529 0.007233 0.009161
21 0.638357 0.473172 0.007715 0.008197
110 0.583878 0.470512 0.005786 0.006751
170 0.657638 0.494628 0.005786 0.006751
170 0.658120 0.502825 0.004822 0.005786
109 0.816261 0.448610 0.004822 0.005304
109 0.796012 0.449331 0.004822 0.004822
3 0.267360 0.544228 0.014950 0.025073
109 0.231202 0.540847 0.014949 0.023144
21 0.200347 0.538674 0.010127 0.019769
