95 0.891126 0.460643 0.009808 0.010317
75 0.891617 0.469618 0.009212 0.008194
16 0.737167 0.486617 0.011423 0.011423
96 0.671222 0.457020 0.008229 0.010264
19 0.670609 0.467540 0.008720 0.009229
97 0.611219 0.462666 0.006562 0.007580
140 0.690886 0.491665 0.006562 0.007580
140 0.691116 0.500632 0.005474 0.006492
96 0.865751 0.447151 0.005457 0.005966
96 0.843615 0.447206 0.005439 0.005439
2 0.262946 0.531718 0.017230 0.027917
96 0.223587 0.526720 0.017160 0.025811
19 0.189975 0.523231 0.011773 0.021951
