95 0.111911 0.496757 0.009578 0.010076
75 0.111413 0.505538 0.008998 0.008000
16 0.262494 0.522467 0.011155 0.011155
96 0.327072 0.493636 0.008032 0.010028
19 0.327651 0.503930 0.008515 0.009014
97 0.385768 0.499276 0.006406 0.007405
140 0.307765 0.527495 0.006406 0.007405
140 0.307523 0.536268 0.005344 0.006342
96 0.136764 0.483605 0.005328 0.005827
96 0.158421 0.483702 0.005312 0.005312
2 0.726384 0.567507 0.016806 0.027284
96 0.764903 0.562693 0.016741 0.025224
19 0.797796 0.559344 0.011477 0.021457
