95 0.851458 0.433911 0.008588 0.009040
75 0.852364 0.441782 0.008075 0.007171
16 0.717385 0.464891 0.010005 0.010005
96 0.657806 0.442334 0.007196 0.009002
19 0.657822 0.451622 0.007635 0.008087
97 0.605317 0.450470 0.005742 0.006645
140 0.676935 0.471775 0.005742 0.006645
140 0.677611 0.479652 0.004789 0.005692
96 0.828422 0.423382 0.004777 0.005228
96 0.808951 0.424599 0.004765 0.004765
2 0.302570 0.529605 0.015030 0.024515
96 0.267680 0.527286 0.014981 0.022659
19 0.237926 0.525992 0.010253 0.019286
