95 0.826484 0.460888 0.008807 0.009286
75 0.827294 0.469109 0.008303 0.007345
16 0.686177 0.490897 0.010269 0.010269
96 0.624449 0.466364 0.007355 0.009271
19 0.624307 0.476047 0.007828 0.008308
97 0.569587 0.473949 0.005878 0.006836
140 0.643889 0.497384 0.005878 0.006836
140 0.644459 0.505607 0.004900 0.005858
96 0.802648 0.449517 0.004895 0.005374
96 0.782327 0.450454 0.004890 0.004890
2 0.252608 0.551284 0.015264 0.025323
96 0.216273 0.548271 0.015244 0.023387
19 0.185275 0.546413 0.010369 0.019949
