95 0.853226 0.447911 0.009195 0.009659
75 0.853572 0.456223 0.008618 0.007689
16 0.710427 0.470074 0.010701 0.010701
96 0.649758 0.441879 0.007734 0.009591
19 0.649062 0.451608 0.008175 0.008640
97 0.594159 0.446374 0.006160 0.007089
140 0.667535 0.474182 0.006160 0.007089
140 0.667638 0.482483 0.005141 0.006069
96 0.829907 0.435115 0.005119 0.005583
96 0.809420 0.434897 0.005096 0.005096
2 0.271006 0.506036 0.016272 0.026024
96 0.234642 0.500932 0.016182 0.024076
19 0.203578 0.497294 0.011153 0.020441
