95 0.810514 0.453268 0.008289 0.008741
75 0.811130 0.461030 0.007817 0.006912
16 0.677733 0.479016 0.009666 0.009666
96 0.619997 0.454778 0.006920 0.008729
19 0.619689 0.463902 0.007368 0.007821
97 0.568153 0.460937 0.005531 0.006436
140 0.637759 0.484366 0.005531 0.006436
140 0.638148 0.492127 0.004611 0.005515
96 0.788254 0.442120 0.004607 0.005059
96 0.769085 0.442635 0.004603 0.004603
2 0.268003 0.528098 0.014354 0.023851
96 0.233812 0.524602 0.014338 0.022026
19 0.204629 0.522291 0.009747 0.018792
