95 0.823881 0.435917 0.008284 0.008740
75 0.824538 0.443712 0.007819 0.006905
16 0.690629 0.462444 0.009662 0.009662
96 0.632512 0.438384 0.006909 0.008735
19 0.632248 0.447550 0.007363 0.007820
97 0.580465 0.444829 0.005525 0.006438
140 0.650502 0.468017 0.005525 0.006438
140 0.650931 0.475811 0.004605 0.005517
96 0.801465 0.424830 0.004603 0.005059
96 0.782212 0.425443 0.004601 0.004601
2 0.279296 0.513788 0.014301 0.023889
96 0.244934 0.510447 0.014294 0.022056
19 0.215608 0.508271 0.009698 0.018830
