95 0.815582 0.469089 0.008739 0.009218
75 0.816359 0.477281 0.008245 0.007286
16 0.675703 0.498460 0.010192 0.010192
96 0.614304 0.473791 0.007292 0.009208
19 0.614127 0.483436 0.007768 0.008248
97 0.559625 0.481143 0.005830 0.006788
140 0.633554 0.504764 0.005830 0.006788
140 0.634091 0.512958 0.004860 0.005817
96 0.791880 0.457672 0.004857 0.005335
96 0.771634 0.458530 0.004854 0.004854
2 0.243578 0.556999 0.015112 0.025171
96 0.207394 0.553863 0.015100 0.023242
19 0.176522 0.551897 0.010256 0.019836
