95 0.828184 0.487470 0.009478 0.009961
75 0.828580 0.496074 0.008890 0.007923
16 0.680452 0.511079 0.011033 0.011033
96 0.617512 0.482172 0.007965 0.009897
19 0.616837 0.492247 0.008427 0.008911
97 0.559974 0.487084 0.006347 0.007313
140 0.636066 0.515531 0.006347 0.007313
140 0.636212 0.524125 0.005296 0.006262
96 0.803983 0.474331 0.005275 0.005758
96 0.782773 0.474200 0.005254 0.005254
2 0.225702 0.550354 0.016731 0.026877
96 0.188031 0.545238 0.016647 0.024860
19 0.155855 0.541616 0.011456 0.021119
