108 0.129535 0.421286 0.009870 0.010375
83 0.128396 0.430208 0.009261 0.008248
18 0.281298 0.458332 0.011491 0.011491
109 0.349245 0.433562 0.008290 0.010314
21 0.349097 0.444104 0.008775 0.009282
110 0.408716 0.443532 0.006607 0.007619
170 0.327118 0.466714 0.006607 0.007619
170 0.326241 0.475646 0.005513 0.006524
109 0.155832 0.409656 0.005492 0.005998
109 0.177919 0.411310 0.005472 0.005472
3 0.751277 0.537608 0.017395 0.028021
109 0.790915 0.535465 0.017312 0.025915
21 0.824710 0.534412 0.011902 0.022023
