95 0.832030 0.421181 0.008609 0.009036
75 0.832419 0.428889 0.008058 0.007204
16 0.699734 0.442908 0.010015 0.010015
96 0.643220 0.417247 0.007253 0.008961
19 0.642654 0.426279 0.007655 0.008082
97 0.591677 0.421871 0.005773 0.006627
140 0.659976 0.447070 0.005773 0.006627
140 0.660139 0.454770 0.004819 0.005672
96 0.810292 0.409500 0.004795 0.005221
96 0.791284 0.409465 0.004769 0.004769
2 0.292370 0.479861 0.015308 0.024276
96 0.258593 0.475423 0.015209 0.022468
19 0.229745 0.472302 0.010514 0.019055
