108 0.159899 0.430856 0.008683 0.009117
83 0.158813 0.438599 0.008131 0.007263
18 0.291423 0.464689 0.010103 0.010103
109 0.350754 0.443887 0.007310 0.009046
21 0.350512 0.453049 0.007720 0.008155
110 0.402343 0.453193 0.005820 0.006688
170 0.331164 0.472468 0.005820 0.006688
170 0.330305 0.480222 0.004858 0.005725
109 0.182883 0.421028 0.004834 0.005268
109 0.202064 0.422704 0.004811 0.004811
3 0.699111 0.538650 0.015408 0.024522
109 0.733590 0.537213 0.015314 0.022692
21 0.762978 0.536661 0.010573 0.019254
