95 0.135586 0.488832 0.008960 0.009423
75 0.135153 0.497018 0.008413 0.007486
16 0.276017 0.512252 0.010434 0.010434
96 0.336098 0.485150 0.007520 0.009372
19 0.336675 0.494742 0.007966 0.008430
97 0.390821 0.490195 0.005996 0.006922
140 0.318227 0.516775 0.005996 0.006922
140 0.318033 0.524952 0.005002 0.005928
96 0.158700 0.476486 0.004986 0.005448
96 0.178885 0.476498 0.004969 0.004969
2 0.708511 0.552559 0.015757 0.025482
96 0.744392 0.547934 0.015689 0.023563
19 0.775035 0.544695 0.010771 0.020034
