108 0.848422 0.425571 0.008574 0.009025
83 0.849323 0.433433 0.008062 0.007159
18 0.714487 0.456452 0.009989 0.009989
109 0.654988 0.433894 0.007184 0.008989
21 0.655000 0.443171 0.007623 0.008075
110 0.602555 0.441995 0.005732 0.006635
170 0.674081 0.463310 0.005732 0.006635
170 0.674752 0.471178 0.004781 0.005683
109 0.825417 0.415043 0.004769 0.005220
109 0.805968 0.416249 0.004757 0.004757
3 0.300119 0.520898 0.015002 0.024480
109 0.265270 0.518566 0.014953 0.022626
21 0.235550 0.517258 0.010233 0.019260
