108 0.823913 0.437971 0.008409 0.008858
83 0.824750 0.445741 0.007916 0.007017
18 0.691432 0.467548 0.009800 0.009800
109 0.632827 0.444862 0.007035 0.008831
21 0.632775 0.454023 0.007475 0.007925
110 0.580990 0.452502 0.005617 0.006516
170 0.651481 0.474043 0.005617 0.006516
170 0.652089 0.481818 0.004684 0.005582
109 0.801267 0.427415 0.004676 0.005124
109 0.782051 0.428473 0.004667 0.004667
3 0.281770 0.528347 0.014652 0.024082
109 0.247370 0.525804 0.014617 0.022250
21 0.218029 0.524309 0.009977 0.018957
