95 0.854337 0.484060 0.008893 0.009379
75 0.855009 0.492399 0.008388 0.007415
16 0.711722 0.511921 0.010371 0.010371
96 0.649658 0.485968 0.007422 0.009368
19 0.649340 0.495770 0.007905 0.008392
97 0.593969 0.492661 0.005933 0.006906
140 0.668785 0.517729 0.005933 0.006906
140 0.669214 0.526066 0.004946 0.005918
96 0.830405 0.472117 0.004942 0.005428
96 0.809812 0.472699 0.004939 0.004939
2 0.271605 0.565263 0.015386 0.025603
96 0.234867 0.561558 0.015371 0.023643
19 0.203511 0.559118 0.010444 0.020175
