108 0.146675 0.470006 0.009303 0.009773
83 0.145552 0.478354 0.008720 0.007779
18 0.288561 0.505650 0.010827 0.010827
109 0.352346 0.482880 0.007824 0.009705
21 0.352141 0.492751 0.008271 0.008742
110 0.407975 0.492589 0.006232 0.007173
170 0.331417 0.513787 0.006232 0.007173
170 0.330540 0.522145 0.005201 0.006141
109 0.171374 0.459280 0.005178 0.005649
109 0.192046 0.460968 0.005156 0.005156
3 0.728178 0.582835 0.016457 0.026336
109 0.765311 0.581076 0.016367 0.024364
21 0.796965 0.580303 0.011278 0.020688
