108 0.156138 0.433622 0.009238 0.009694
83 0.155706 0.441877 0.008644 0.007731
18 0.297774 0.457162 0.010746 0.010746
109 0.358349 0.429796 0.007786 0.009611
21 0.358937 0.439470 0.008214 0.008671
110 0.413540 0.434854 0.006196 0.007109
170 0.340344 0.461700 0.006196 0.007109
170 0.340153 0.469946 0.005172 0.006084
109 0.179442 0.421158 0.005145 0.005601
109 0.199798 0.421159 0.005117 0.005117
3 0.733960 0.497571 0.016444 0.026028
109 0.770142 0.492887 0.016333 0.024092
21 0.801043 0.489603 0.011298 0.020427
