95 0.832527 0.490023 0.008646 0.009122
75 0.833277 0.498152 0.008160 0.007207
16 0.693697 0.518802 0.010085 0.010085
96 0.632854 0.494175 0.007211 0.009116
19 0.632653 0.503742 0.007685 0.008162
97 0.578595 0.501328 0.005766 0.006719
140 0.651870 0.524948 0.005766 0.006719
140 0.652382 0.533078 0.004806 0.005758
96 0.809044 0.478638 0.004804 0.005280
96 0.788959 0.479437 0.004802 0.004802
2 0.264893 0.575771 0.014927 0.024931
96 0.229007 0.572567 0.014920 0.023018
19 0.198388 0.570538 0.010123 0.019651
