95 0.129736 0.424193 0.009253 0.009745
75 0.128807 0.432732 0.008709 0.007722
16 0.275309 0.456865 0.010783 0.010783
96 0.339750 0.432003 0.007743 0.009714
19 0.339796 0.442073 0.008225 0.008719
97 0.396714 0.440465 0.006182 0.007168
140 0.319211 0.464054 0.006182 0.007168
140 0.318533 0.472598 0.005155 0.006141
96 0.154639 0.412619 0.005145 0.005638
96 0.175758 0.413806 0.005135 0.005135
2 0.725492 0.524196 0.016133 0.026485
96 0.763304 0.521444 0.016092 0.024472
19 0.795554 0.519837 0.010988 0.020847
