95 0.142313 0.436896 0.008626 0.009102
75 0.141572 0.445016 0.008143 0.007190
16 0.281006 0.465498 0.010062 0.010062
96 0.341751 0.440838 0.007193 0.009098
19 0.341961 0.450393 0.007667 0.008144
97 0.395952 0.447927 0.005752 0.006705
140 0.322789 0.471594 0.005752 0.006705
140 0.322286 0.479714 0.004795 0.005747
96 0.165756 0.425501 0.004793 0.005269
96 0.185818 0.426278 0.004792 0.004792
2 0.709355 0.521957 0.014884 0.024886
96 0.745194 0.518720 0.014878 0.022975
19 0.775775 0.516662 0.010091 0.019617
