108 0.843384 0.479592 0.009668 0.010124
83 0.843461 0.488054 0.009016 0.008102
18 0.697473 0.497398 0.011233 0.011233
109 0.636727 0.466725 0.008180 0.010007
21 0.635697 0.476593 0.008597 0.009054
110 0.580053 0.469455 0.006497 0.007411
170 0.653731 0.500155 0.006497 0.007411
170 0.653561 0.508597 0.005427 0.006340
109 0.820100 0.465811 0.005389 0.005845
109 0.799279 0.464912 0.005350 0.005350
3 0.249543 0.519415 0.017404 0.026996
109 0.212742 0.513023 0.017248 0.025013
21 0.181281 0.508296 0.012015 0.021151
