108 0.888822 0.443588 0.009937 0.010402
83 0.889500 0.452222 0.009261 0.008330
18 0.741098 0.472118 0.011544 0.011544
109 0.676896 0.445108 0.008414 0.010275
21 0.676544 0.455257 0.008837 0.009303
110 0.619221 0.451915 0.006681 0.007612
170 0.696629 0.478036 0.006681 0.007612
170 0.697054 0.486668 0.005581 0.006511
109 0.864069 0.431168 0.005540 0.006005
109 0.842746 0.431726 0.005497 0.005497
3 0.285288 0.526371 0.017927 0.027700
109 0.247258 0.522453 0.017759 0.025669
21 0.214798 0.519859 0.012387 0.021695
