95 0.848258 0.442530 0.008925 0.009385
75 0.849264 0.450627 0.008379 0.007457
16 0.710466 0.475680 0.010392 0.010392
96 0.648898 0.453002 0.007491 0.009334
19 0.649001 0.462567 0.007934 0.008396
97 0.594916 0.461868 0.005972 0.006894
140 0.668872 0.483146 0.005972 0.006894
140 0.669640 0.491251 0.004983 0.005904
96 0.824436 0.431899 0.004966 0.005426
96 0.804394 0.433334 0.004949 0.004949
2 0.283857 0.546179 0.015700 0.025375
96 0.247903 0.544114 0.015631 0.023464
19 0.217248 0.543057 0.010734 0.019949
