95 0.161693 0.453531 0.009024 0.009481
75 0.160608 0.461634 0.008459 0.007545
16 0.299422 0.488051 0.010503 0.010503
96 0.361318 0.465917 0.007589 0.009416
19 0.361124 0.475498 0.008024 0.008481
97 0.415314 0.475312 0.006045 0.006959
140 0.341021 0.495925 0.006045 0.006959
140 0.340174 0.504038 0.005045 0.005958
96 0.185660 0.443108 0.005023 0.005480
96 0.205725 0.444735 0.005002 0.005002
2 0.726140 0.562731 0.015959 0.025554
96 0.762179 0.561005 0.015873 0.023640
19 0.792901 0.560237 0.010936 0.020074
