108 0.838944 0.434813 0.009363 0.009869
83 0.839832 0.443520 0.008823 0.007811
18 0.690387 0.467099 0.010916 0.010916
109 0.624897 0.441321 0.007825 0.009848
21 0.624781 0.451581 0.008323 0.008830
110 0.566795 0.449550 0.006251 0.007263
170 0.645604 0.474120 0.006251 0.007263
170 0.646236 0.482831 0.005212 0.006223
109 0.813649 0.422848 0.005205 0.005711
109 0.792122 0.423911 0.005198 0.005198
3 0.231210 0.532598 0.016261 0.026883
109 0.192701 0.529532 0.016233 0.024832
21 0.159850 0.527672 0.011056 0.021172
