108 0.837834 0.479674 0.008616 0.009051
83 0.838155 0.487462 0.008075 0.007205
18 0.704058 0.500397 0.010027 0.010027
109 0.647232 0.473969 0.007247 0.008987
21 0.646577 0.483082 0.007661 0.008096
110 0.595147 0.478165 0.005772 0.006642
170 0.663876 0.504234 0.005772 0.006642
170 0.663970 0.512011 0.004818 0.005687
109 0.815993 0.467682 0.004796 0.005231
109 0.796801 0.467471 0.004775 0.004775
3 0.292409 0.533967 0.015250 0.024382
109 0.258345 0.529175 0.015165 0.022558
21 0.229246 0.525758 0.010454 0.019151
