95 0.189366 0.457859 0.008605 0.009045
75 0.188989 0.465686 0.008073 0.007192
16 0.323715 0.479619 0.010018 0.010018
96 0.381028 0.453443 0.007228 0.008990
19 0.381622 0.462609 0.007650 0.008091
97 0.433362 0.458021 0.005761 0.006642
140 0.364085 0.483754 0.005761 0.006642
140 0.363936 0.491572 0.004807 0.005688
96 0.211407 0.445953 0.004789 0.005229
96 0.230703 0.445875 0.004771 0.004771
2 0.737335 0.516217 0.015172 0.024422
96 0.771614 0.511635 0.015099 0.022587
19 0.800892 0.508401 0.010383 0.019193
