95 0.818342 0.443600 0.008866 0.009334
75 0.818867 0.451786 0.008340 0.007401
16 0.678092 0.468624 0.010330 0.010330
96 0.617668 0.442186 0.007424 0.009300
19 0.617199 0.451790 0.007881 0.008351
97 0.562969 0.447854 0.005925 0.006864
140 0.635908 0.473628 0.005925 0.006864
140 0.636194 0.481807 0.004942 0.005880
96 0.795073 0.431508 0.004931 0.005399
96 0.774876 0.431749 0.004919 0.004919
2 0.245795 0.513851 0.015490 0.025339
96 0.209840 0.509630 0.015444 0.023417
19 0.179142 0.506735 0.010559 0.019940
