95 0.838437 0.478334 0.008697 0.009160
75 0.839313 0.486357 0.008185 0.007259
16 0.701667 0.509086 0.010135 0.010135
96 0.641110 0.485748 0.007279 0.009130
19 0.641070 0.495209 0.007732 0.008195
97 0.587589 0.493720 0.005811 0.006737
140 0.660419 0.515855 0.005811 0.006737
140 0.661060 0.523884 0.004846 0.005772
96 0.815033 0.467468 0.004836 0.005299
96 0.795190 0.468591 0.004827 0.004827
2 0.278699 0.572513 0.015168 0.024891
96 0.243170 0.569940 0.015129 0.023000
19 0.212866 0.568442 0.010332 0.019592
