108 0.843262 0.462158 0.008789 0.009277
83 0.843994 0.470459 0.008301 0.007324
18 0.701416 0.490967 0.010254 0.010254
109 0.639404 0.465576 0.007324 0.009277
21 0.639160 0.475342 0.007812 0.008301
110 0.583984 0.472656 0.005859 0.006836
170 0.658691 0.497070 0.005859 0.006836
170 0.659180 0.505371 0.004883 0.005859
109 0.819336 0.450439 0.004883 0.005371
109 0.798828 0.451172 0.004883 0.004883
3 0.263428 0.547363 0.015137 0.025391
109 0.226807 0.543945 0.015137 0.023438
21 0.195557 0.541748 0.010254 0.020020
