95 0.164638 0.445068 0.009271 0.009770
75 0.164014 0.453693 0.008733 0.007735
16 0.312294 0.472647 0.010807 0.010807
96 0.376227 0.445288 0.007751 0.009746
19 0.376639 0.455417 0.008242 0.008741
97 0.433849 0.451730 0.006191 0.007189
140 0.356728 0.478282 0.006191 0.007189
140 0.356356 0.486903 0.005162 0.006159
96 0.189274 0.432517 0.005154 0.005653
96 0.210566 0.432943 0.005147 0.005147
2 0.767692 0.524017 0.016121 0.026594
96 0.805635 0.519873 0.016089 0.024567
19 0.838026 0.517083 0.010967 0.020941
