95 0.801539 0.443280 0.008919 0.009343
75 0.802089 0.451097 0.008322 0.007473
16 0.667680 0.468004 0.010365 0.010365
96 0.609793 0.443094 0.007541 0.009240
19 0.609401 0.452274 0.007931 0.008356
97 0.557564 0.448828 0.005992 0.006841
140 0.627404 0.473030 0.005992 0.006841
140 0.627725 0.480844 0.005005 0.005853
96 0.779236 0.431861 0.004971 0.005395
96 0.759940 0.432209 0.004936 0.004936
2 0.254898 0.513732 0.016024 0.024943
96 0.220521 0.509908 0.015887 0.023107
19 0.191173 0.507321 0.011053 0.019548
