108 0.171734 0.466924 0.008942 0.009348
83 0.171809 0.474610 0.008316 0.007503
18 0.304542 0.480601 0.010381 0.010381
109 0.359183 0.451708 0.007591 0.009216
21 0.360286 0.460652 0.007953 0.008360
110 0.410696 0.453219 0.006020 0.006833
170 0.344312 0.482357 0.006020 0.006833
170 0.344611 0.490021 0.005031 0.005844
109 0.192643 0.454012 0.004988 0.005394
109 0.211535 0.452839 0.004944 0.004944
3 0.711691 0.492940 0.016248 0.024784
109 0.745001 0.486506 0.016073 0.022982
21 0.773491 0.481676 0.011260 0.019389
