95 0.180789 0.461457 0.008520 0.008963
75 0.180351 0.469264 0.008003 0.007117
16 0.314668 0.484229 0.009923 0.009923
96 0.372060 0.458562 0.007146 0.008919
19 0.372581 0.467713 0.007574 0.008018
97 0.424243 0.463543 0.005699 0.006586
140 0.354916 0.488673 0.005699 0.006586
140 0.354706 0.496472 0.004754 0.005640
96 0.202875 0.449752 0.004740 0.005183
96 0.222128 0.449825 0.004725 0.004725
2 0.727082 0.524008 0.014955 0.024264
96 0.761321 0.519707 0.014896 0.022432
19 0.790561 0.516712 0.010215 0.019081
