108 0.821349 0.454114 0.009001 0.009462
83 0.822389 0.462249 0.008446 0.007523
18 0.682967 0.487917 0.010479 0.010479
109 0.621004 0.465340 0.007560 0.009406
21 0.621141 0.474953 0.008003 0.008465
110 0.566777 0.474440 0.006026 0.006949
170 0.641186 0.495567 0.006026 0.006949
170 0.641987 0.503712 0.005028 0.005950
109 0.797368 0.443513 0.005009 0.005470
109 0.777228 0.445025 0.004990 0.004990
3 0.254420 0.560274 0.015865 0.025554
109 0.218274 0.558325 0.015790 0.023633
21 0.187458 0.557370 0.010856 0.020083
