95 0.118132 0.457326 0.009847 0.010347
75 0.117731 0.466255 0.009234 0.008232
16 0.271470 0.481655 0.011462 0.011462
96 0.336754 0.451584 0.008277 0.010280
19 0.337466 0.462038 0.008755 0.009256
97 0.396471 0.456614 0.006594 0.007596
140 0.317538 0.486224 0.006594 0.007596
140 0.317397 0.495142 0.005503 0.006504
96 0.143232 0.443663 0.005481 0.005981
96 0.165243 0.443503 0.005458 0.005458
2 0.743441 0.521884 0.017393 0.027909
96 0.782528 0.516532 0.017303 0.025816
19 0.815915 0.512736 0.011912 0.021927
