95 0.893962 0.449729 0.009920 0.010374
75 0.893908 0.458283 0.009230 0.008322
16 0.746204 0.465457 0.011518 0.011518
96 0.685282 0.433510 0.008416 0.010232
19 0.684087 0.443468 0.008822 0.009277
97 0.627956 0.435388 0.006676 0.007584
140 0.701949 0.467564 0.006676 0.007584
140 0.701645 0.476095 0.005579 0.006487
96 0.870642 0.435438 0.005533 0.005986
96 0.849611 0.434205 0.005485 0.005485
2 0.293113 0.480746 0.017995 0.027530
96 0.256016 0.473712 0.017806 0.025525
19 0.224290 0.468446 0.012462 0.021544
