108 0.126247 0.455925 0.009846 0.010341
83 0.125036 0.464731 0.009225 0.008235
18 0.275886 0.493986 0.011458 0.011458
109 0.343277 0.470152 0.008285 0.010265
21 0.343030 0.480570 0.008755 0.009250
110 0.401958 0.480574 0.006598 0.007588
170 0.321091 0.502707 0.006598 0.007588
170 0.320139 0.511526 0.005507 0.006496
109 0.152349 0.444681 0.005482 0.005976
109 0.174161 0.446527 0.005456 0.005456
3 0.739625 0.576818 0.017447 0.027840
109 0.778821 0.575078 0.017345 0.025759
21 0.812232 0.574360 0.011965 0.021863
